data =

     0.00000     0.00437     0.00000
     0.61600     0.00437     0.00000
     1.27200     0.00437     0.00000
     1.92000     0.00437     0.00000
     2.56800     0.00437     0.00000
     3.22400     0.00437     0.00000
     3.87200     0.00437     0.00000
     4.52000     0.00288     0.00000
     5.17600     0.00437     0.00000
     6.36000     0.00437     0.00000
     7.64000     0.00437     0.00000
     8.91200     0.00437     0.00000
    10.19200     0.00437     0.00000
    11.46400     0.00288     0.00000
    12.73600     0.00437     0.00000
    14.01600     0.00288     0.00000
    15.28800     0.00288     0.00000
    16.56800     0.00437     0.00000
    17.84000     0.00288     0.00000
    19.11200     0.00437     0.00000
    20.40000     0.00437   128.00000
    21.83200     0.01912   128.00000
    23.36000     0.06032   128.00000
    24.89600     0.16523   128.00000
    26.42400     0.32521   128.00000
    27.95200     0.57871   128.00000
    29.56800     0.92884   128.00000
    31.18400     1.41575   128.00000
    32.80000     1.93319   128.00000
    34.41600     2.60892   128.00000
    36.03200     3.37318   128.00000
    37.64800     4.16858   128.00000
    39.25600     5.02995   128.00000
    40.87200     5.84163   128.00000
    42.48800     6.83713   128.00000
    44.10400     7.74180   128.00000
    45.72000     8.49915   128.00000
    47.33600     9.53860   128.00000
    48.95200    10.21686   128.00000
    50.56000    11.19167   128.00000
    52.17600    11.77834   128.00000
    53.79200    12.67876   128.00000
    55.40800    13.19130   128.00000
    57.02400    13.72448   128.00000
    58.64000    14.44200   128.00000
    60.25600    14.77301   128.00000
    61.87200    15.54652   128.00000
    63.48000    15.81355   128.00000
    65.09600    16.36202   128.00000
    66.71200    16.83429   128.00000
    68.32800    17.02720   128.00000
    69.94400    17.62008   128.00000
    71.56000    17.72101   128.00000
    73.17600    18.23499   128.00000
    74.79200    18.44504   128.00000
    76.40000    18.76500   128.00000
    78.01600    19.31168   128.00000
    79.63200    19.20098   128.00000
    81.24800    19.53517   128.00000
    82.86400    19.64797   128.00000
    84.48000    19.99065   128.00000
    86.09600    20.33989   128.00000
    87.71200    20.22274   128.00000
    89.32800    20.69584   128.00000
    90.93600    20.45778   128.00000
    92.55200    20.93695   128.00000
    94.16800    20.81601   128.00000
    95.78400    21.30445   128.00000
    97.40000    21.42854   128.00000
    99.01600    21.55343   128.00000
   100.63200    21.93299   128.00000
   102.24800    21.55343   128.00000
   103.85600    22.06116   128.00000
   105.47200    21.80565   128.00000
   107.08800    21.93299   128.00000
   108.70400    22.32002   128.00000
   110.32000    22.45072   128.00000
   111.93600    22.58228   128.00000
   113.55200    22.58228   128.00000
   115.16000    22.71471   128.00000
   116.77600    22.58228   128.00000
   118.39200    22.71471   128.00000
   120.00800    22.98220   128.00000
   121.62400    22.84802   128.00000
   123.24000    23.39011   128.00000
   124.85600    22.98220   128.00000
   126.47200    23.39011   128.00000
   128.08000    23.39011   128.00000
   129.69600    23.11727   128.00000
   131.31200    23.52790   128.00000
   132.92800    23.25324   128.00000
   134.54400    23.66660   128.00000
   136.16000    23.25324   128.00000
   137.77600    23.80623   128.00000
   139.39200    24.08831   128.00000
   141.00000    23.66660   128.00000
   142.61600    24.08831   128.00000
   144.23200    23.66660   128.00000
   145.84800    24.08831   128.00000
   147.46400    23.66660   128.00000
   149.08000    23.94680   128.00000
   150.69600    24.08831   128.00000
   152.31200    23.80623   128.00000
   153.92000    24.23077   128.00000
   155.53600    23.94680   128.00000
   157.15200    24.51858   128.00000
   158.76800    23.94680   128.00000
   160.38400    24.23077   128.00000
   162.00000    24.66395   128.00000
   163.61600    24.37419   128.00000
   165.23200    24.66395   128.00000
   166.84800    24.23077   128.00000
   168.45600    24.66395   128.00000
   170.08000    24.66395   128.00000
   171.68800    24.51858   128.00000
   173.30400    24.95765   128.00000
   174.92000    24.66395   128.00000
   176.53600    25.10601   128.00000
   178.16000    24.51858   128.00000
   179.76000    24.95765   128.00000
   181.37600    24.95765   128.00000
   182.99200    24.66395   128.00000
   184.60800    25.10601   128.00000
   186.22400    24.81031   128.00000
   187.84000    25.25537   128.00000
   189.45600    24.81031   128.00000
   191.07200    24.81031   128.00000
   192.68800    25.10601   128.00000
   194.29600    24.81031   128.00000
   195.91200    25.25537   128.00000
   197.52800    24.81031   128.00000
   199.14400    25.10601   128.00000
   200.76000    24.81031   128.00000
   202.37600    24.95765   128.00000
   203.99200    25.25537   128.00000
   205.60000    24.95765   128.00000
   207.21600    25.55717   128.00000
   208.83200    25.10601   128.00000
   210.44800    25.40576   128.00000
   212.07200    25.40576   128.00000
   213.68000    25.10601   128.00000
   215.29600    25.70963   128.00000
   216.91200    25.25537   128.00000
   218.52000    25.40576   128.00000
   220.14400    25.10601   128.00000
   221.75200    25.70963   128.00000
   223.36800    25.55717   128.00000
   224.98400    25.40576   128.00000
   226.60000    25.55717   128.00000
   228.21600    25.25537   128.00000
   229.83200    25.70963   128.00000
   231.44000    25.25537   128.00000
   233.05600    25.25537   128.00000
   234.67200    25.55717   128.00000
   236.28800    25.40576   128.00000
   237.90400    25.86313   128.00000
   239.52000    25.55717   128.00000
   241.13600    26.01770   128.00000
   242.75200    25.25537   128.00000
   244.36000    25.40576   128.00000
   245.97600    26.01770   128.00000
   247.59200    25.40576   128.00000
   249.20800    26.01770   128.00000
   250.82400    25.40576   128.00000
   252.44000    25.86313   128.00000
   254.05600    26.01770   128.00000
   255.67200    25.55717   128.00000
   257.28000    25.86313   128.00000
   258.89600    25.55717   128.00000
   260.51200    26.01770   128.00000
   262.12800    25.70963   128.00000
   263.74400    26.01770   128.00000
   265.36000    26.17333   128.00000
   266.97600    25.55717   128.00000
   268.59200    26.01770   128.00000
   270.20000    26.01770   128.00000
   271.81600    26.33004   128.00000
   273.43200    25.70963   128.00000
   275.04800    25.86313   128.00000
   276.66400    26.17333   128.00000
   278.28000    25.86313   128.00000
   279.89600    26.17333   128.00000
   281.51200    25.70963   128.00000
   283.12000    26.17333   128.00000
   284.73600    25.70963   128.00000
   286.35200    25.86313   128.00000
   287.96800    26.01770   128.00000
   289.58400    25.70963   128.00000
   291.20000    26.17333   128.00000
   292.81600    25.70963   128.00000
   294.43200    26.17333   128.00000
   296.04000    26.17333   128.00000
   297.65600    25.86313   128.00000
   299.27200    26.33004   128.00000
   300.88800    25.70963   128.00000
   302.50400    26.17333   128.00000
   304.12000    25.86313   128.00000
   305.73600    26.33004   128.00000
   307.35200    26.48783   128.00000
   308.96000    26.01770   128.00000
   310.57600    26.33004   128.00000
   312.19200    26.01770   128.00000
   313.80800    26.33004   128.00000
   315.42400    26.01770   128.00000
   317.04000    26.01770   128.00000
   318.65600    26.33004   128.00000
   320.27200    25.86313   128.00000
   321.88800    26.33004   128.00000
   323.49600    26.01770   128.00000
   325.11200    26.33004   128.00000
   326.72800    26.48783   128.00000
   328.34400    26.01770   128.00000
   329.96000    26.33004   128.00000
   331.57600    26.17333   128.00000
   333.19200    26.33004   128.00000
   334.80000    25.86313   128.00000
