# Created by Octave 3.8.1, Thu Dec 10 09:46:19 2015 WET <jmirandadealme@JMdeA-Zenbook>
# name: A
# type: matrix
# rows: 18
# columns: 9
 -10.21830350832508 -0.7271861952428118 -0.09748519653650334 -0.7271861952428118 -0.2769996701683155 -0.06890464691960219 -0.09748519653650334 -0.06890464691960219 -0.03280392761204531
 -0.7271861952428118 -10.21830350832508 -0.7271861952428118 -0.2769996701683155 -0.7271861952428118 -0.2769996701683155 -0.06890464691960219 -0.09748519653650334 -0.06890464691960219
 -0.09748519653650334 -0.7271861952428118 -10.21830350832508 -0.06890464691960219 -0.2769996701683155 -0.7271861952428118 -0.03280392761204531 -0.06890464691960219 -0.09748519653650334
 -0.7271861952428118 -0.2769996701683155 -0.06890464691960219 -10.21830350832508 -0.7271861952428118 -0.09748519653650334 -0.7271861952428118 -0.2769996701683155 -0.06890464691960219
 -0.2769996701683155 -0.7271861952428118 -0.2769996701683155 -0.7271861952428118 -10.21830350832508 -0.7271861952428118 -0.2769996701683155 -0.7271861952428118 -0.2769996701683155
 -0.06890464691960219 -0.2769996701683155 -0.7271861952428118 -0.09748519653650334 -0.7271861952428118 -10.21830350832508 -0.06890464691960219 -0.2769996701683155 -0.7271861952428118
 -0.09748519653650334 -0.06890464691960219 -0.03280392761204531 -0.7271861952428118 -0.2769996701683155 -0.06890464691960219 -10.21830350832508 -0.7271861952428118 -0.09748519653650334
 -0.06890464691960219 -0.09748519653650334 -0.06890464691960219 -0.2769996701683155 -0.7271861952428118 -0.2769996701683155 -0.7271861952428118 -10.21830350832508 -0.7271861952428118
 -0.03280392761204531 -0.06890464691960219 -0.09748519653650334 -0.06890464691960219 -0.2769996701683155 -0.7271861952428118 -0.09748519653650334 -0.7271861952428118 -10.21830350832508
 1 0 0 0 0 0 0 0 0
 0 1 0 0 0 0 0 0 0
 0 0 1 0 0 0 0 0 0
 0 0 0 1 0 0 0 0 0
 0 0 0 0 1 0 0 0 0
 0 0 0 0 0 1 0 0 0
 0 0 0 0 0 0 1 0 0
 0 0 0 0 0 0 0 1 0
 0 0 0 0 0 0 0 0 1


# name: b
# type: matrix
# rows: 18
# columns: 1
 -2.234087037518483
 -6.370072142271482
 -2.314137495496334
 -4.195003918678363
 -2.89337934873546
 -7.706424278239382
 -7.357001197283779
 -5.483351507948527
 -7.286096857845781
 1
 1
 1
 1
 1
 1
 1
 1
 1


# name: c
# type: range
# base, length, increment
-1 9 -0


# name: random_pwm
# type: matrix
# rows: 9
# columns: 1
 0.1374661759009127
 0.5587605221930771
 0.1228113038292256
 0.3096195642559854
 0.104062656935522
 0.659452543924277
 0.6504349725253338
 0.4053939889252992
 0.6207688892129481


