% ----- a0= 0.50
% ----- start time [us]= 15454688
x1=[ 0 0 15455804 15455916
 0 17 15456804 15456916
 0 35 15457804 15457916
 1020 47 15458804 15458916
 0 56 15459804 15459916
 0 63 15460804 15460920
 204 68 15461804 15461916
 0 72 15462804 15462916
 0 75 15463804 15463916
 0 77 15464804 15464916
 0 79 15465804 15465916
 444 79 15466804 15466916
 0 80 15467804 15467916
 0 81 15468804 15468916
 235 82 15469804 15469916
 0 83 15470804 15470916
 0 83 15471804 15471916
 0 82 15472804 15472916
 0 82 15473804 15473916
 0 82 15474812 15474924
 0 83 15475804 15475916
 0 83 15476804 15476916
 519 84 15477804 15477916
 0 83 15478804 15478916
 0 83 15479804 15479924
 0 84 15480804 15480916
 0 84 15481804 15481916
 0 84 15482804 15482916
 0 83 15483804 15483916
 0 83 15484804 15484916
 992 82 15485804 15485916
 0 83 15486804 15486920
 0 84 15487804 15487916
 0 84 15488804 15488916
 0 83 15489804 15489916
 0 83 15490804 15490916
 0 84 15491804 15491916
 0 83 15492804 15492916
 1020 83 15493804 15493916
 0 84 15494804 15494916
 0 84 15495804 15495916
 0 83 15496804 15496916
 0 83 15497804 15497916
 0 84 15498804 15498916
 0 83 15499804 15499916
 0 83 15500804 15500916
 995 83 15501804 15501916
 0 84 15502804 15502916
 0 84 15503804 15503916
 0 83 15504804 15504916
 0 84 15505804 15505916
 0 83 15506804 15506916
 0 84 15507804 15507916
 0 84 15508804 15508916
 699 83 15509804 15509916
 0 82 15510804 15510916
 0 84 15511804 15511916
 6 83 15512804 15512920
 0 84 15513804 15513916
 0 84 15514804 15514916
 0 83 15515804 15515916
 0 84 15516804 15516916
 290 83 15517804 15517916
 0 84 15518804 15518916
 0 83 15519804 15519916
 204 83 15520804 15520916
 0 85 15521804 15521916
 0 84 15522804 15522916
 0 84 15523804 15523916
 0 83 15524804 15524916
 0 83 15525804 15525916
 0 83 15526804 15526920
 0 84 15527804 15527916
 488 83 15528804 15528916
 0 83 15529804 15529916
 0 83 15530804 15530916
 0 84 15531804 15531916
 0 84 15532804 15532916
 0 84 15533804 15533916
 0 83 15534804 15534916
 0 83 15535804 15535916
 992 84 15536804 15536916
 0 84 15537804 15537916
 0 84 15538804 15538916
 0 82 15539804 15539916
 0 82 15540804 15540916
 0 84 15541804 15541916
 0 84 15542804 15542916
 0 83 15543804 15543916
 1020 84 15544804 15544916
 0 84 15545804 15545916
 0 83 15546804 15546916
 0 83 15547804 15547916
 0 83 15548804 15548916
 0 84 15549804 15549916
 0 83 15550804 15550916
 0 83 15551804 15551916
 994 83 15552804 15552916
 0 83 15553804 15553916
 0 85 15554804 15554916 ];
% ----- a0= 1.00
% ----- start time [us]= 18171652
x2= [ 0 0 18172764 18172876
 1022 37 18173764 18173876
 0 66 18174764 18174876
 1012 81 18175764 18175876
 0 89 18176764 18176876
 0 95 18177764 18177884
 1021 97 18178764 18178876
 0 99 18179772 18179884
 0 99 18180764 18180876
 0 100 18181772 18181884
 0 98 18182764 18182876
 0 101 18183772 18183884
 0 101 18184764 18184876
 0 101 18185772 18185884
 1022 101 18186764 18186876
 0 101 18187772 18187884
 0 100 18188764 18188876
 0 102 18189772 18189884
 0 101 18190764 18190876
 0 101 18191772 18191884
 0 101 18192764 18192876
 0 102 18193764 18193876
 0 101 18194772 18194884
 0 100 18195764 18195876
 1018 101 18196772 18196884
 0 101 18197764 18197876
 0 101 18198772 18198884
 0 100 18199772 18199884
 0 101 18200772 18200884
 0 101 18201772 18201884
 0 100 18202772 18202884
 0 102 18203772 18203884
 0 101 18204764 18204876
 6 101 18205764 18205876
 0 102 18206764 18206876
 0 100 18207764 18207876
 0 102 18208764 18208884
 0 101 18209764 18209876
 697 102 18210764 18210876
 0 100 18211764 18211876
 0 101 18212764 18212876
 173 101 18213764 18213876
 0 101 18214772 18214884
 0 101 18215764 18215876
 0 102 18216764 18216876
 0 101 18217772 18217884
 289 100 18218764 18218876
 0 101 18219764 18219876
 128 101 18220772 18220884
 488 101 18221764 18221876
 0 101 18222772 18222884
 0 101 18223764 18223876
 0 101 18224764 18224876
 0 102 18225772 18225884
 0 101 18226772 18226884
 0 101 18227772 18227884
 0 100 18228772 18228884
 0 101 18229772 18229884
 0 101 18230772 18230884
 0 101 18231764 18231876
 0 102 18232772 18232884
 0 101 18233764 18233876
 0 101 18234764 18234876
 0 99 18235772 18235884
 0 102 18236764 18236876
 1022 102 18237764 18237876
 0 101 18238772 18238884
 1021 101 18239772 18239884
 0 101 18240772 18240884
 0 102 18241772 18241884
 0 101 18242772 18242884
 0 101 18243772 18243884
 0 101 18244772 18244884
 0 101 18245772 18245884
 0 102 18246772 18246884
 0 100 18247764 18247876
 0 101 18248764 18248876
 0 100 18249764 18249876
 0 102 18250764 18250876
 0 101 18251764 18251876
 0 101 18252764 18252876
 983 100 18253764 18253876
 0 100 18254764 18254876
 0 102 18255764 18255880
 0 101 18256772 18256884
 0 102 18257772 18257884
 10 102 18258772 18258884
 0 101 18259772 18259884
 0 101 18260772 18260884
 0 101 18261772 18261884
 0 101 18262772 18262884
 627 101 18263772 18263884
 0 101 18264772 18264884
 0 101 18265772 18265884
 236 101 18266772 18266884
 0 101 18267772 18267884
 0 101 18268772 18268884
 0 101 18269772 18269884
 0 102 18270772 18270884
 49 101 18271772 18271884 ];
% ----- a0= 1.50
% ----- start time [us]= 20987412
x3= [ 0 0 20988532 20988644
 1021 57 20989524 20989636
 1021 89 20990524 20990636
 0 102 20991524 20991636
 0 106 20992524 20992636
 0 106 20993524 20993644
 0 108 20994524 20994636
 0 108 20995532 20995644
 0 107 20996524 20996636
 0 108 20997524 20997636
 0 108 20998532 20998644
 0 109 20999524 20999636
 114 108 21000532 21000644
 0 107 21001524 21001636
 0 109 21002524 21002636
 0 108 21003532 21003644
 0 108 21004524 21004636
 521 108 21005532 21005644
 394 108 21006524 21006636
 0 109 21007524 21007636
 425 109 21008532 21008644
 0 108 21009532 21009644
 0 108 21010524 21010636
 49 108 21011524 21011636
 0 109 21012524 21012636
 0 108 21013524 21013636
 720 108 21014524 21014644
 0 110 21015524 21015636
 0 108 21016524 21016636
 0 108 21017524 21017636
 0 108 21018524 21018636
 0 107 21019524 21019644
 0 108 21020524 21020636
 0 109 21021532 21021644
 1022 108 21022524 21022636
 0 109 21023532 21023644
 0 108 21024524 21024636
 0 109 21025532 21025644
 0 109 21026524 21026636
 0 108 21027532 21027644
 0 107 21028524 21028636
 0 109 21029532 21029644
 1021 108 21030524 21030636
 0 109 21031532 21031644
 0 109 21032524 21032636
 0 108 21033532 21033644
 0 108 21034524 21034636
 0 108 21035532 21035644
 0 108 21036524 21036636
 0 109 21037524 21037636
 0 107 21038532 21038644
 0 109 21039524 21039636
 1009 109 21040532 21040644
 0 108 21041532 21041644
 0 108 21042532 21042644
 4 109 21043532 21043644
 0 108 21044532 21044644
 0 109 21045532 21045644
 0 108 21046532 21046644
 0 108 21047524 21047636
 864 109 21048532 21048644
 60 108 21049524 21049636
 0 108 21050524 21050636
 143 108 21051532 21051644
 0 109 21052532 21052644
 0 109 21053524 21053636
 557 108 21054524 21054636
 0 108 21055524 21055636
 0 109 21056524 21056636
 361 108 21057524 21057636
 0 108 21058524 21058636
 0 108 21059524 21059636
 0 108 21060524 21060636
 0 109 21061524 21061640
 0 108 21062532 21062644
 0 109 21063532 21063644
 0 107 21064532 21064644
 0 109 21065532 21065644
 0 108 21066532 21066644
 837 109 21067532 21067644
 0 108 21068532 21068644
 0 108 21069532 21069644
 0 108 21070532 21070644
 0 108 21071532 21071644
 0 109 21072532 21072644
 0 108 21073532 21073644
 0 109 21074532 21074644
 1021 108 21075532 21075644
 0 108 21076532 21076644
 0 109 21077532 21077644
 0 108 21078532 21078644
 0 109 21079532 21079644
 0 108 21080524 21080636
 0 108 21081532 21081644
 0 109 21082532 21082644
 1021 108 21083532 21083644
 0 108 21084532 21084644
 0 109 21085524 21085636
 0 108 21086532 21086644
 0 109 21087532 21087644 ];
