%----- a0= 0.50
%----- start time [us]= 136461040
x1= [ 0 0 136462152 136462264
 0 18 136463152 136463264
 278 36 136464152 136464264
 0 49 136465152 136465264
 0 58 136466152 136466264
 1019 64 136467152 136467272
 0 69 136468152 136468264
 0 73 136469152 136469264
 0 76 136470152 136470264
 0 78 136471152 136471264
 0 79 136472152 136472264
 0 81 136473152 136473264
 0 82 136474152 136474264
 897 82 136475152 136475264
 0 82 136476152 136476264
 0 83 136477152 136477264
 1 83 136478152 136478264
 0 83 136479152 136479264
 0 84 136480152 136480264
 0 84 136481152 136481264
 0 83 136482152 136482264
 605 84 136483152 136483264
 0 83 136484152 136484264
 0 84 136485152 136485264
 84 84 136486152 136486264
 0 84 136487152 136487264
 0 84 136488152 136488264
 0 83 136489152 136489264
 0 83 136490152 136490264
 71 84 136491152 136491264
 0 83 136492152 136492264
 0 83 136493152 136493272
 349 84 136494152 136494264
 0 87 136495152 136495264
 0 84 136496152 136496264
 0 84 136497160 136497272
 0 84 136498152 136498264
 0 84 136499152 136499264
 0 83 136500152 136500264
 0 84 136501152 136501264
 577 84 136502152 136502264
 0 84 136503152 136503264
 0 83 136504152 136504264
 0 83 136505152 136505264
 0 84 136506152 136506264
 0 84 136507152 136507264
 0 84 136508152 136508264
 0 84 136509152 136509264
 1019 84 136510152 136510264
 0 84 136511152 136511264
 0 84 136512152 136512264
 0 83 136513152 136513264
 0 83 136514152 136514264
 0 84 136515152 136515264
 0 84 136516152 136516264
 0 84 136517152 136517264
 1013 84 136518152 136518264
 0 84 136519152 136519272
 0 83 136520152 136520264
 0 84 136521152 136521264
 0 84 136522152 136522264
 0 84 136523152 136523264
 0 84 136524152 136524264
 0 83 136525152 136525264
 897 84 136526152 136526264
 0 83 136527152 136527264
 0 84 136528152 136528264
 0 84 136529152 136529264
 0 84 136530152 136530264
 0 84 136531152 136531264
 0 84 136532152 136532264
 0 83 136533152 136533264
 605 84 136534152 136534264
 0 84 136535160 136535272
 0 84 136536152 136536264
 83 84 136537152 136537264
 0 84 136538152 136538264
 0 84 136539152 136539264
 0 84 136540152 136540264
 0 84 136541152 136541264
 0 84 136542152 136542264
 0 84 136543152 136543264
 0 84 136544152 136544264
 323 84 136545152 136545264
 0 86 136546152 136546264
 0 83 136547152 136547264
 0 83 136548152 136548264
 0 84 136549152 136549264
 0 83 136550152 136550264
 0 84 136551152 136551264
 0 84 136552152 136552264
 576 84 136553152 136553264
 0 83 136554152 136554264
 0 84 136555152 136555264
 0 84 136556152 136556264
 0 84 136557152 136557264
 0 84 136558152 136558264
 0 84 136559152 136559264
 0 84 136560152 136560264
 1019 84 136561152 136561264
];
%----- a0= 1.00
%----- start time [us]= 139398468
x2= [ 0 0 139399584 139399696
 1019 40 139400584 139400696
 0 68 139401584 139401696
 1019 83 139402584 139402696
 0 91 139403584 139403696
 0 95 139404584 139404700
 176 97 139405584 139405696
 0 99 139406584 139406696
 0 100 139407584 139407696
 0 100 139408584 139408696
 0 101 139409584 139409696
 635 101 139410584 139410696
 0 101 139411584 139411696
 0 101 139412584 139412696
 273 101 139413584 139413696
 0 102 139414584 139414696
 0 101 139415584 139415696
 0 101 139416584 139416696
 0 102 139417584 139417696
 71 101 139418584 139418696
 0 101 139419584 139419696
 0 102 139420584 139420696
 501 101 139421584 139421704
 0 102 139422584 139422696
 0 101 139423584 139423696
 0 101 139424584 139424696
 0 101 139425584 139425696
 0 101 139426584 139426696
 0 101 139427584 139427696
 0 101 139428584 139428696
 1019 102 139429584 139429696
 0 102 139430584 139430700
 0 102 139431584 139431696
 0 101 139432584 139432696
 0 98 139433584 139433696
 0 103 139434584 139434696
 0 102 139435584 139435696
 0 102 139436584 139436696
 1019 102 139437584 139437696
 0 101 139438584 139438696
 0 101 139439584 139439696
 0 101 139440584 139440696
 0 101 139441584 139441696
 0 101 139442584 139442696
 0 102 139443584 139443696
 0 102 139444584 139444696
 1015 102 139445584 139445696
 0 102 139446584 139446696
 0 101 139447584 139447696
 0 101 139448584 139448696
 0 101 139449584 139449696
 0 101 139450584 139450696
 0 101 139451584 139451696
 0 102 139452584 139452696
 896 102 139453584 139453696
 0 101 139454584 139454696
 0 102 139455584 139455696
 24 101 139456584 139456700
 0 102 139457584 139457696
 0 101 139458584 139458696
 0 102 139459592 139459704
 0 102 139460584 139460696
 605 101 139461584 139461696
 0 101 139462584 139462696
 0 101 139463584 139463696
 273 101 139464584 139464696
 0 102 139465584 139465696
 0 101 139466584 139466696
 0 101 139467584 139467696
 0 102 139468584 139468696
 71 101 139469584 139469696
 0 101 139470584 139470696
 0 102 139471584 139471696
 501 102 139472584 139472696
 0 103 139473584 139473696
 0 101 139474584 139474696
 0 101 139475584 139475696
 0 101 139476584 139476696
 0 101 139477584 139477696
 0 101 139478584 139478696
 0 102 139479584 139479696
 967 101 139480584 139480696
 0 101 139481584 139481696
 0 102 139482584 139482696
 0 101 139483584 139483696
 0 98 139484584 139484696
 0 102 139485584 139485696
 0 103 139486584 139486696
 0 102 139487584 139487696
 1018 102 139488584 139488696
 0 101 139489584 139489696
 0 101 139490584 139490696
 0 101 139491584 139491696
 0 102 139492584 139492696
 0 102 139493584 139493696
 0 101 139494584 139494696
 0 102 139495584 139495696
 1015 102 139496584 139496696
 0 101 139497584 139497696
 0 101 139498584 139498696
];
%----- a0= 1.50
%----- start time [us]= 142438868
